dt 0.050000 T 15.000000 Nsample 100000
Time   i   abszsum1   argzsum1   realsum   habszsum1   hargzsum1   hrealsum   a
0.250000    0   0.981899   0.000305   0.962282   86.150093   -0.007310   85.634019   100000.000000
0.500000    1   0.925902   0.000476   0.871681   85.867333   -0.055829   85.202416   100000.000000
0.750000    2   0.838920   0.000284   0.739594   85.515350   -0.044589   84.765828   100000.000000
1.000000    3   0.718868   0.002429   0.583701   85.524716   0.122880   84.166457   100000.000000
1.250000    4   0.587043   0.001103   0.421449   85.511209   0.044167   83.974217   100000.000000
1.500000    5   0.446824   0.002830   0.262455   85.467068   -0.133978   83.268493   100000.000000
1.750000    6   0.311409   0.001557   0.125748   84.989100   -0.037821   82.858439   100000.000000
2.000000    7   0.180457   0.000703   0.013244   84.914341   -0.583084   82.268995   100000.000000
2.250000    8   0.072900   -0.006568   -0.071808   84.362024   -0.537210   81.637303   100000.000000
2.500000    9   0.000012   -0.003962   -0.117043   84.934239   -0.303612   81.623962   100000.000000
2.750000    10   -0.040975   -0.007853   -0.128551   84.740233   -0.600361   80.906898   100000.000000
3.000000    11   -0.050267   -0.012207   -0.103831   84.810563   -0.674633   80.119737   100000.000000
3.250000    12   -0.028400   -0.011948   -0.043142   85.177664   -0.819549   79.547552   100000.000000
3.500000    13   0.018289   -0.015430   0.046381   85.697733   0.074175   79.031658   100000.000000
3.750000    14   0.090703   -0.020282   0.156192   84.952170   0.595647   78.690518   100000.000000
4.000000    15   0.168938   -0.010567   0.273934   84.168453   0.285536   77.490566   100000.000000
4.250000    16   0.243151   -0.033155   0.388322   83.411706   -0.162052   76.652328   100000.000000
4.500000    17   0.330799   -0.022322   0.493905   84.793051   0.048669   76.615453   100000.000000
4.750000    18   0.403508   -0.002852   0.577504   84.598285   -0.798691   76.550652   100000.000000
5.000000    19   0.442568   0.024238   0.629929   85.482825   -1.517640   75.987457   100000.000000
5.250000    20   0.478870   0.002607   0.648551   84.899623   -0.524081   74.718563   100000.000000
5.500000    21   0.482582   0.008210   0.637942   84.707146   -1.996269   74.482677   99999.000000
5.750000    22   0.434671   0.044896   0.597402   89.134118   -4.071829   73.885182   99999.000000
6.000000    23   0.373180   0.047798   0.531959   91.178876   -5.030612   73.605138   99998.000000
6.250000    24   0.272067   0.071761   0.437961   87.206251   -2.921362   73.316089   99997.000000
6.500000    25   0.165761   0.048973   0.336645   88.430429   -4.752191   73.361172   99997.000000
6.750000    26   0.131502   0.107736   0.227032   90.435611   -6.282979   72.486985   99995.000000
7.000000    27   0.122097   0.081039   0.123224   96.425182   -10.539728   71.813207   99995.000000
7.250000    28   0.054522   0.070378   0.036123   91.418761   -12.885845   71.560721   99995.000000
7.500000    29   0.030848   -0.022801   -0.042815   94.256804   -13.260719   70.813791   99994.000000
7.750000    30   -0.015118   0.009050   -0.091349   102.144436   -13.645459   70.252958   99993.000000
8.000000    31   -0.105744   -0.019045   -0.108084   102.030927   -12.281629   70.554192   99988.000000
8.250000    32   -0.065616   -0.054153   -0.087416   101.626433   -12.787980   70.441977   99986.000000
8.500000    33   -0.001818   -0.031513   -0.030465   94.538031   -15.494879   70.064964   99982.000000
8.750000    34   -0.027936   -0.033701   0.046520   104.900545   -22.270111   69.824666   99979.000000
9.000000    35   0.021239   0.035207   0.132222   98.220812   -23.385193   70.086319   99973.000000
9.250000    36   0.099846   0.251434   0.236794   125.042388   -11.957219   71.993756   99969.000000
9.500000    37   0.224804   0.212413   0.334445   132.817293   -37.447764   72.558636   99959.000000
9.750000    38   0.020416   -0.002651   0.410670   93.289795   -40.712124   72.373883   99952.000000
10.000000    39   -0.117650   0.270972   0.474105   92.674272   -11.578461   73.303936   99945.000000
10.250000    40   -0.068872   0.191230   0.536378   126.948748   -27.840673   75.371162   99936.000000
10.500000    41   -0.278628   0.049066   0.582063   136.451427   -14.626307   74.141527   99922.000000
10.750000    42   -0.116832   0.145434   0.590280   116.573084   18.414301   73.846218   99905.000000
11.000000    43   -0.097524   -0.281594   0.557053   124.294543   19.466102   71.616531   99896.000000
11.250000    44   -0.235834   -0.388768   0.479388   137.010835   -3.780516   69.471619   99867.000000
11.500000    45   -0.269859   -0.966353   0.414681   162.481303   34.790505   71.661292   99843.000000
11.750000    46   -0.278484   -1.203242   0.319933   158.692956   35.455330   68.862636   99819.000000
12.000000    47   0.382912   -0.760197   0.207739   126.367035   53.174301   67.699103   99799.000000
12.250000    48   -0.285869   -1.162558   0.110921   134.159369   54.828563   66.424078   99768.000000
12.500000    49   -1.008805   -1.283645   0.033702   107.256778   24.923204   65.774663   99727.000000
12.750000    50   -0.820977   -0.487786   -0.002053   121.964786   -20.721897   66.980205   99693.000000
13.000000    51   -0.454138   -0.184074   -0.051397   59.390708   -0.204052   64.976396   99658.000000
13.250000    52   -0.222806   -0.033111   -0.067465   27.339886   39.843277   63.289596   99617.000000
13.500000    53   -0.593332   1.833695   -0.053191   72.777946   -26.697113   60.966344   99565.000000
13.750000    54   -0.040254   0.977430   -0.035823   17.719275   -32.240691   59.957694   99517.000000
14.000000    55   -0.165215   1.430483   0.025927   96.194558   -49.905747   64.500495   99472.000000
14.250000    56   -1.855562   0.784560   0.058194   124.979809   -90.539074   66.900420   99415.000000
14.500000    57   -3.545044   1.783821   0.089257   106.601270   -111.836969   67.182444   99360.000000
14.750000    58   -6.066466   -0.496085   0.171468   -10.064840   -209.534975   66.300624   99296.000000
15.000000    59   -10.052768   -5.836056   0.287271   97.469885   -83.121672   72.010380   99220.000000
Number of threads was 24
