dt 0.050000 T 15.000000 Nsample 1000000
Time   i   abszsum1   argzsum1   realsum   habszsum1   hargzsum1   hrealsum   a
0.250000    0   0.980014   0.000249   0.961931   85.776953   -0.002518   85.185694   1000000.000000
0.500000    1   0.922195   0.000473   0.870557   85.624349   -0.026018   84.836600   1000000.000000
0.750000    2   0.830478   0.000598   0.737269   85.473372   -0.030352   84.442016   1000000.000000
1.000000    3   0.714798   0.000704   0.580842   85.280289   -0.026203   84.019437   1000000.000000
1.250000    4   0.582221   0.000683   0.417144   85.255360   -0.091862   83.629697   1000000.000000
1.500000    5   0.443110   0.001010   0.259397   85.149854   -0.088194   83.170002   1000000.000000
1.750000    6   0.307763   0.001256   0.120631   85.167775   -0.085821   82.909875   1000000.000000
2.000000    7   0.183233   0.001994   0.008162   85.078595   -0.128976   82.497223   1000000.000000
2.250000    8   0.081421   0.000048   -0.072850   85.130967   -0.106336   82.102743   1000000.000000
2.500000    9   0.005921   0.000056   -0.118635   85.020387   -0.130563   81.607800   1000000.000000
2.750000    10   -0.037646   -0.002332   -0.128047   84.905457   -0.115392   81.116234   1000000.000000
3.000000    11   -0.048401   -0.004460   -0.099778   85.104210   0.007029   80.726041   1000000.000000
3.250000    12   -0.029587   -0.008579   -0.040328   85.126899   0.012232   80.029951   1000000.000000
3.500000    13   0.014797   -0.008499   0.048175   85.449714   0.480302   79.560548   1000000.000000
3.750000    14   0.080941   -0.008987   0.158063   85.325933   0.398825   79.234638   1000000.000000
4.000000    15   0.163360   -0.001980   0.276917   85.080160   0.568609   78.611349   1000000.000000
4.250000    16   0.251780   -0.009255   0.394342   85.297092   0.835912   78.243116   999999.000000
4.500000    17   0.329182   -0.005433   0.499384   85.373680   0.901476   77.790088   999999.000000
4.750000    18   0.399530   -0.002723   0.580943   85.696898   0.457107   77.420253   999999.000000
5.000000    19   0.446936   0.009507   0.634733   85.120874   0.480733   76.868383   999997.000000
5.250000    20   0.470155   0.002005   0.655800   84.796503   0.894949   76.291914   999996.000000
5.500000    21   0.483574   0.011239   0.644435   85.120592   1.416831   75.916508   999993.000000
5.750000    22   0.461085   0.021820   0.602855   85.750953   1.382031   75.384245   999990.000000
6.000000    23   0.419763   0.032272   0.535118   86.300350   1.537990   75.190268   999987.000000
6.250000    24   0.361983   0.023923   0.444870   85.012916   1.333876   74.844246   999982.000000
6.500000    25   0.258470   0.003075   0.341772   85.119618   0.776487   74.524917   999978.000000
6.750000    26   0.174840   0.007424   0.231009   83.970437   -0.606589   73.832502   999971.000000
7.000000    27   0.093427   -0.004070   0.125367   84.354776   -1.706423   73.720037   999963.000000
7.250000    28   -0.003937   -0.011104   0.032635   83.353721   -1.115858   73.187065   999951.000000
7.500000    29   -0.074509   -0.038766   -0.038130   84.455158   -0.078348   72.670284   999938.000000
7.750000    30   -0.161258   -0.025989   -0.083306   85.029885   -1.337393   71.867734   999918.000000
8.000000    31   -0.179921   -0.047829   -0.091826   84.235090   -0.149736   71.808848   999896.000000
8.250000    32   -0.160478   -0.027275   -0.072150   84.988476   1.085653   71.472379   999864.000000
8.500000    33   -0.111996   -0.010245   -0.025217   82.636174   4.752743   70.897926   999825.000000
8.750000    34   -0.161313   0.046533   0.041683   78.882001   3.412418   70.674713   999777.000000
9.000000    35   -0.113619   0.063209   0.122247   75.288965   4.656202   69.934010   999720.000000
9.250000    36   0.004836   0.100132   0.213683   79.956579   5.155019   69.539112   999667.000000
9.500000    37   0.078069   0.098420   0.306847   79.684250   3.395667   69.110032   999592.000000
9.750000    38   0.096391   0.123805   0.390305   80.534710   0.783887   69.224215   999507.000000
10.000000    39   0.174656   0.117590   0.458338   83.022430   12.302881   68.981694   999424.000000
10.250000    40   0.185227   0.062304   0.511814   84.618175   22.256995   69.044968   999306.000000
10.500000    41   0.177089   0.009129   0.544370   83.611291   24.055471   68.613563   999216.000000
10.750000    42   0.113556   -0.119596   0.543664   71.540440   26.235648   67.476014   999077.000000
11.000000    43   0.236359   -0.196154   0.517543   83.359867   30.737213   67.576018   998904.000000
11.250000    44   0.230487   -0.336125   0.462596   64.697888   28.013417   67.187711   998709.000000
11.500000    45   0.094071   -0.431064   0.389616   66.835930   46.085736   65.991016   998523.000000
11.750000    46   -0.052539   -0.510574   0.303122   59.262589   19.419302   65.975706   998306.000000
12.000000    47   0.130691   -0.576689   0.200523   49.123275   26.715523   65.202126   998038.000000
12.250000    48   -0.194927   -0.875729   0.107242   52.072225   26.598577   63.374169   997758.000000
12.500000    49   -0.652612   -1.193074   0.029777   51.288346   25.111717   62.588562   997460.000000
12.750000    50   -0.601036   -0.984153   -0.021920   17.443240   46.741171   63.240897   997139.000000
13.000000    51   -0.191898   -0.959496   -0.052327   -15.462067   76.956209   63.290641   996785.000000
13.250000    52   0.042029   -0.905058   -0.058020   -45.464857   82.975016   63.001745   996407.000000
13.500000    53   -0.021364   -0.797871   -0.045288   -43.123506   76.726546   63.115659   995981.000000
13.750000    54   -0.051016   -0.863031   -0.022601   -59.362663   60.690792   62.382253   995482.000000
14.000000    55   -0.131211   -0.467855   0.037689   -42.189464   48.894457   63.300930   994985.000000
14.250000    56   0.102438   -0.587566   0.099414   -63.751675   68.993220   63.355026   994455.000000
14.500000    57   -0.100940   0.142162   0.144570   -57.749346   60.565144   61.050440   993902.000000
14.750000    58   -0.111244   0.214287   0.225050   -50.741825   -7.054645   62.841895   993320.000000
15.000000    59   -0.896746   0.325235   0.304900   -11.997451   44.705422   64.217506   992659.000000
Number of threads was 24
