dt 0.050000 T 15.000000 Nsample 10000000
Time   i   abszsum1   argzsum1   realsum   habszsum1   hargzsum1   hrealsum   a
0.250000    0   0.981112   0.000069   0.961856   85.837497   -0.000883   85.233742   10000000.000000
0.500000    1   0.922508   0.000110   0.870296   85.698611   0.001015   84.863077   10000000.000000
0.750000    2   0.831444   0.000154   0.737468   85.576839   0.002428   84.485753   10000000.000000
1.000000    3   0.715037   0.000148   0.581240   85.471538   0.003909   84.055361   10000000.000000
1.250000    4   0.582163   0.000187   0.416896   85.388666   0.004552   83.600258   10000000.000000
1.500000    5   0.442455   0.000307   0.259626   85.289795   -0.017102   83.171615   10000000.000000
1.750000    6   0.306103   0.000535   0.120376   85.204482   -0.001706   82.732281   10000000.000000
2.000000    7   0.183030   0.001035   0.008001   85.111914   -0.019542   82.289970   10000000.000000
2.250000    8   0.081799   0.000799   -0.072538   85.045677   0.018366   81.848618   10000000.000000
2.500000    9   0.008249   0.000743   -0.118059   84.978803   -0.006413   81.426418   10000000.000000
2.750000    10   -0.034911   0.000622   -0.126954   85.017691   -0.018469   81.005964   10000000.000000
3.000000    11   -0.046038   0.000051   -0.100190   84.949127   0.047230   80.595221   10000000.000000
3.250000    12   -0.026118   -0.000093   -0.040142   85.086564   0.012083   80.142527   10000000.000000
3.500000    13   0.020029   -0.000350   0.048230   85.456329   0.191919   79.788249   9999999.000000
3.750000    14   0.086224   -0.000861   0.157640   85.652459   0.209100   79.393354   9999999.000000
4.000000    15   0.165709   -0.000297   0.276895   85.751856   0.162180   78.937734   9999998.000000
4.250000    16   0.249888   -0.000865   0.394897   85.696861   0.174631   78.500636   9999996.000000
4.500000    17   0.332688   -0.002020   0.499612   85.736149   0.249143   78.057124   9999995.000000
4.750000    18   0.403558   -0.003509   0.581495   85.778752   0.454609   77.541511   9999993.000000
5.000000    19   0.459307   -0.004322   0.634671   85.814265   0.410436   77.078158   9999988.000000
5.250000    20   0.492074   -0.006785   0.655121   86.088956   0.256410   76.624034   9999975.000000
5.500000    21   0.499770   -0.008417   0.642986   86.110118   0.188530   76.160451   9999953.000000
5.750000    22   0.481476   -0.007293   0.600396   86.435439   0.169391   75.744636   9999926.000000
6.000000    23   0.439345   -0.011490   0.531393   86.533654   0.365859   75.363618   9999894.000000
6.250000    24   0.375842   -0.015910   0.442365   86.139307   0.338804   75.044033   9999851.000000
6.500000    25   0.289146   -0.013490   0.339578   86.028178   0.192729   74.663190   9999790.000000
6.750000    26   0.192462   -0.012247   0.231930   85.848139   0.222439   74.234841   9999714.000000
7.000000    27   0.097896   -0.012506   0.127398   86.232899   0.457526   73.827068   9999610.000000
7.250000    28   0.009772   -0.003509   0.036585   85.764683   0.198075   73.410051   9999480.000000
7.500000    29   -0.075908   -0.006154   -0.032324   85.942113   0.276908   73.000074   9999309.000000
7.750000    30   -0.133988   -0.008201   -0.074937   85.560608   0.335033   72.536553   9999100.000000
8.000000    31   -0.168419   -0.004101   -0.086511   85.064765   0.217240   72.218981   9998824.000000
8.250000    32   -0.184090   -0.011453   -0.068055   85.847531   1.077053   71.803910   9998516.000000
8.500000    33   -0.185563   -0.001650   -0.022608   85.391193   1.277251   71.426242   9998117.000000
8.750000    34   -0.184843   0.022329   0.045686   85.490305   1.260847   70.961240   9997661.000000
9.000000    35   -0.151876   0.029505   0.129266   85.416116   2.566455   70.542917   9997147.000000
9.250000    36   -0.093813   0.032478   0.221174   86.858257   2.273751   70.128010   9996536.000000
9.500000    37   -0.022986   0.018748   0.314156   87.126437   4.197282   69.781155   9995817.000000
9.750000    38   0.023042   0.017003   0.399632   84.983414   4.238674   69.519151   9994958.000000
10.000000    39   0.079515   0.028062   0.472882   86.007610   5.109772   69.381644   9993981.000000
10.250000    40   0.126273   0.029730   0.524508   89.369342   7.171650   69.165692   9992870.000000
10.500000    41   0.137055   0.017350   0.551059   89.657109   8.721793   68.819146   9991600.000000
10.750000    42   0.161646   -0.023813   0.548473   90.649572   8.075624   68.553514   9990218.000000
11.000000    43   0.213818   -0.043726   0.517860   91.752870   12.304802   68.090489   9988582.000000
11.250000    44   0.167487   -0.106540   0.463556   88.557326   11.237180   67.605863   9986809.000000
11.500000    45   0.144821   -0.179291   0.391945   86.466882   13.683580   67.334783   9984868.000000
11.750000    46   0.032542   -0.217263   0.306208   88.166901   7.938224   66.648247   9982671.000000
12.000000    47   -0.034824   -0.218029   0.215415   90.601864   7.376955   65.880304   9980108.000000
12.250000    48   -0.111959   -0.168881   0.131181   85.345913   6.988817   65.315556   9977422.000000
12.500000    49   -0.179563   -0.141073   0.053882   83.504995   9.202374   64.665100   9974412.000000
12.750000    50   -0.236525   -0.102674   -0.004209   76.987722   12.077454   64.634687   9971103.000000
13.000000    51   -0.204339   -0.029777   -0.042727   71.266160   16.071333   64.317897   9967516.000000
13.250000    52   -0.293232   0.054043   -0.060613   64.387944   7.208129   64.040974   9963571.000000
13.500000    53   -0.285357   0.121048   -0.056418   63.384464   -1.690321   63.678180   9959244.000000
13.750000    54   -0.277238   0.158071   -0.026806   64.609822   -8.461021   63.353971   9954495.000000
14.000000    55   -0.246321   0.172826   0.028626   63.271631   -17.314628   62.800179   9949524.000000
14.250000    56   -0.089809   0.204570   0.091425   62.715328   -24.254016   61.838544   9944108.000000
14.500000    57   -0.076248   0.127818   0.163362   59.505787   -38.930861   61.348848   9938374.000000
14.750000    58   -0.086336   0.057452   0.239746   56.649152   -32.907669   61.013395   9932184.000000
15.000000    59   -0.068213   0.121036   0.311980   54.436036   -18.302111   60.740987   9925481.000000
Number of threads was 24
